2025-28-3--00-22-38, 50.00, 10.00, 20.00, 30.00, 40.00, 50.00, 
2025-28-3--00-22-38, 932.57, 194.52, 385.03, 571.54, 754.06, 932.57, 
2025-28-3--00-22-38, 1133.40, 382.29, 684.38, 908.66, 1057.53, 1133.40, 
2025-28-3--00-22-38, 1119.44, 529.72, 858.40, 1035.13, 1107.06, 1119.44, 
2025-28-3--00-22-38, 1065.53, 636.88, 941.25, 1053.37, 1073.84, 1065.53, 
2025-28-3--00-22-38, 1079.21, 725.35, 996.44, 1068.88, 1078.14, 1079.21, 
2025-28-3--00-22-38, 1006.55, 781.59, 1000.48, 1031.48, 1020.87, 1006.55, 
2025-28-3--00-22-38, 1183.71, 862.01, 1073.78, 1122.82, 1151.14, 1183.71, 
2025-28-3--00-22-38, 1166.46, 922.90, 1110.85, 1149.00, 1163.39, 1166.46, 
2025-28-3--00-22-39, 1149.56, 968.23, 1126.33, 1149.34, 1152.33, 1149.56, 
2025-28-3--00-22-39, 1179.24, 1010.44, 1147.50, 1167.28, 1173.86, 1179.24, 
2025-28-3--00-22-39, 1060.34, 1020.42, 1112.63, 1103.11, 1083.04, 1060.34, 
2025-28-3--00-22-39, 1223.99, 1061.13, 1157.18, 1175.64, 1195.80, 1223.99, 
2025-28-3--00-22-39, 1179.53, 1084.81, 1166.12, 1177.97, 1182.78, 1179.53, 
2025-28-3--00-22-39, 940.02, 1055.85, 1075.68, 1035.20, 988.58, 940.02, 
2025-28-3--00-22-39, 1210.51, 1086.78, 1129.61, 1140.39, 1166.12, 1210.51, 
2025-28-3--00-22-39, 1159.82, 1101.39, 1141.70, 1152.05, 1161.08, 1159.82, 
2025-28-3--00-22-39, 1152.08, 1111.53, 1145.85, 1152.06, 1153.88, 1152.08, 
2025-28-3--00-22-39, 1155.13, 1120.25, 1149.56, 1153.90, 1154.88, 1155.13, 
2025-28-3--00-22-40, 1191.05, 1134.41, 1166.16, 1176.19, 1183.81, 1191.05, 
2025-28-3--00-22-40, 1147.58, 1137.04, 1158.72, 1159.02, 1154.83, 1147.58, 
2025-28-3--00-22-40, 1178.97, 1145.43, 1166.82, 1170.99, 1174.14, 1178.97, 
2025-28-3--00-22-40, 1177.16, 1151.77, 1170.96, 1174.69, 1176.55, 1177.16, 
2025-28-3--00-22-40, 949.40, 1111.30, 1082.33, 1039.51, 994.83, 949.40, 
2025-28-3--00-22-40, 1185.12, 1126.06, 1123.45, 1126.88, 1147.06, 1185.12, 
2025-28-3--00-22-40, 1141.81, 1129.21, 1130.79, 1135.84, 1142.86, 1141.81, 
2025-28-3--00-22-40, 1210.21, 1145.41, 1162.56, 1180.46, 1196.74, 1210.21, 
2025-28-3--00-22-40, 928.42, 1102.01, 1068.90, 1029.24, 982.08, 928.42, 
2025-28-3--00-22-40, 1177.44, 1117.10, 1112.32, 1118.16, 1138.37, 1177.44, 
2025-28-3--00-22-41, 1207.00, 1135.08, 1150.19, 1171.46, 1193.27, 1207.00, 
2025-28-3--00-22-41, 1187.08, 1145.48, 1164.95, 1180.83, 1188.32, 1187.08, 
2025-28-3--00-22-41, 1184.27, 1153.24, 1172.68, 1182.90, 1185.08, 1184.27, 
2025-28-3--00-22-41, 1151.94, 1152.98, 1164.38, 1164.32, 1158.57, 1151.94, 
2025-28-3--00-22-41, 1220.55, 1166.49, 1186.85, 1198.06, 1208.15, 1220.55, 
2025-28-3--00-22-41, 1111.85, 1155.56, 1156.85, 1146.33, 1131.11, 1111.85, 
2025-28-3--00-22-41, 1127.01, 1149.85, 1144.91, 1134.74, 1127.83, 1127.01, 
2025-28-3--00-22-41, 1203.51, 1160.59, 1168.35, 1176.00, 1188.38, 1203.51, 
2025-28-3--00-22-41, 1074.81, 1143.43, 1130.93, 1115.29, 1097.52, 1074.81, 
2025-28-3--00-22-41, 1200.34, 1154.81, 1158.70, 1166.32, 1179.77, 1200.34, 
2025-28-3--00-22-42, 1164.55, 1156.76, 1161.04, 1165.26, 1167.59, 1164.55, 
2025-28-3--00-22-42, 1169.86, 1159.38, 1164.57, 1168.02, 1169.41, 1169.86, 
2025-28-3--00-22-42, 1136.74, 1154.85, 1153.44, 1149.25, 1143.28, 1136.74, 
2025-28-3--00-22-42, 1208.31, 1165.54, 1175.39, 1184.69, 1195.31, 1208.31, 
2025-28-3--00-22-42, 1133.01, 1159.04, 1158.44, 1153.68, 1145.47, 1133.01, 
2025-28-3--00-22-42, 1160.77, 1159.38, 1159.37, 1157.93, 1157.71, 1160.77, 
2025-28-3--00-22-42, 874.35, 1102.38, 1045.36, 987.79, 931.03, 874.35, 
2025-28-3--00-22-42, 540.60, 990.02, 843.46, 719.47, 618.68, 540.60, 
2025-28-3--00-22-42, 672.72, 926.56, 775.16, 691.42, 661.91, 672.72, 
2025-28-3--00-22-42, 683.01, 877.85, 738.30, 686.38, 678.79, 683.01, 
2025-28-3--00-22-43, 853.10, 872.90, 784.22, 786.41, 818.24, 853.10, 
2025-28-3--00-22-43, 1172.60, 932.84, 939.57, 1018.12, 1101.73, 1172.60, 
2025-28-3--00-22-43, 813.87, 909.05, 889.29, 895.57, 871.44, 813.87, 
2025-28-3--00-22-43, 681.38, 863.51, 806.13, 767.06, 719.40, 681.38, 
2025-28-3--00-22-43, 834.93, 857.80, 817.65, 807.78, 811.82, 834.93, 
2025-28-3--00-22-43, 775.01, 841.24, 800.60, 788.12, 782.38, 775.01, 
2025-28-3--00-22-43, 1241.00, 921.19, 976.76, 1059.85, 1149.27, 1241.00, 
2025-28-3--00-22-43, 1201.21, 977.19, 1066.54, 1144.66, 1190.82, 1201.21, 
2025-28-3--00-22-43, 828.15, 947.39, 971.18, 954.76, 900.69, 828.15, 
2025-28-3--00-22-43, 814.33, 920.78, 908.44, 870.50, 831.60, 814.33, 
2025-28-3--00-22-44, 826.04, 901.83, 875.48, 843.82, 827.15, 826.04, 
2025-28-3--00-22-44, 845.10, 890.48, 863.33, 844.59, 841.51, 845.10, 
2025-28-3--00-22-44, 798.98, 872.18, 837.59, 817.22, 807.48, 798.98, 
2025-28-3--00-22-44, 869.49, 871.64, 850.35, 848.58, 857.09, 869.49, 
2025-28-3--00-22-44, 860.81, 869.48, 854.53, 855.92, 860.06, 860.81, 
2025-28-3--00-22-44, 1019.48, 899.48, 920.51, 954.05, 987.59, 1019.48, 
2025-28-3--00-22-44, 705.82, 860.74, 834.63, 805.11, 762.17, 705.82, 
2025-28-3--00-22-44, 800.38, 848.67, 820.93, 802.27, 792.74, 800.38, 
2025-28-3--00-22-44, 1130.58, 905.05, 944.79, 999.26, 1063.01, 1130.58, 
2025-28-3--00-22-44, 799.68, 883.98, 886.75, 879.51, 852.35, 799.68, 
2025-28-3--00-22-45, 796.11, 866.41, 850.49, 829.47, 807.36, 796.11, 
2025-28-3--00-22-45, 647.33, 822.59, 769.23, 720.19, 679.34, 647.33, 
2025-28-3--00-22-45, 1118.31, 881.74, 908.86, 959.06, 1030.52, 1118.31, 
2025-28-3--00-22-45, 800.96, 865.58, 865.70, 864.20, 846.87, 800.96, 
2025-28-3--00-22-45, 624.34, 817.33, 769.16, 720.28, 668.84, 624.34, 
2025-28-3--00-22-45, 701.66, 794.20, 742.16, 709.11, 695.09, 701.66, 
2025-28-3--00-22-45, 840.97, 803.55, 781.68, 788.23, 811.80, 840.97, 
2025-28-3--00-22-45, 854.41, 813.72, 810.77, 827.94, 845.89, 854.41, 
2025-28-3--00-22-45, 1228.05, 896.59, 977.68, 1068.00, 1151.62, 1228.05, 
2025-28-3--00-22-45, 748.28, 866.93, 885.92, 876.17, 828.95, 748.28, 
2025-28-3--00-22-46, 877.19, 868.98, 882.43, 876.78, 867.54, 877.19, 
2025-28-3--00-22-46, 865.27, 868.24, 875.57, 869.88, 865.73, 865.27, 
2025-28-3--00-22-46, 658.50, 826.29, 788.74, 743.05, 699.95, 658.50, 
2025-28-3--00-22-46, 863.93, 833.82, 818.82, 815.58, 831.14, 863.93, 
2025-28-3--00-22-46, 844.09, 835.87, 828.93, 832.69, 841.50, 844.09, 
2025-28-3--00-22-46, 622.08, 793.12, 746.19, 706.33, 665.97, 622.08, 
2025-28-3--00-22-46, 836.19, 801.73, 782.19, 784.25, 802.15, 836.19, 
2025-28-3--00-22-46, 843.24, 810.03, 806.61, 819.64, 835.02, 843.24, 
2025-28-3--00-22-46, 48.36, 657.70, 503.31, 356.87, 205.69, 48.36, 
2025-28-3--00-22-47, 687.19, 663.60, 576.86, 555.06, 590.89, 687.19, 
2025-28-3--00-22-47, 740.91, 679.06, 642.48, 666.57, 710.90, 740.91, 
2025-28-3--00-22-47, 859.99, 715.25, 729.49, 782.62, 830.18, 859.99, 
2025-28-3--00-22-47, 1117.44, 795.68, 884.67, 983.51, 1059.99, 1117.44, 
2025-28-3--00-22-47, 735.29, 783.61, 824.92, 834.58, 800.23, 735.29, 
2025-28-3--00-22-47, 839.42, 794.77, 830.72, 837.48, 831.58, 839.42, 
2025-28-3--00-22-47, 767.87, 789.39, 805.58, 795.72, 780.62, 767.87, 
2025-28-3--00-22-47, 779.73, 787.46, 795.24, 786.12, 779.91, 779.73, 
2025-28-3--00-22-47, 682.69, 766.50, 750.22, 724.06, 702.13, 682.69, 
2025-28-3--00-22-47, 626.80, 738.56, 700.85, 665.71, 641.87, 626.80, 
2025-28-3--00-22-48, 853.10, 761.47, 761.75, 778.14, 810.85, 853.10, 
2025-28-3--00-22-48, 1169.45, 843.07, 924.83, 1012.93, 1097.73, 1169.45, 
2025-28-3--00-22-48, 821.83, 838.82, 883.63, 898.27, 877.01, 821.83, 
2025-28-3--00-22-48, 1247.81, 920.62, 1029.30, 1107.99, 1173.65, 1247.81, 
2025-28-3--00-22-48, 1150.88, 966.67, 1077.93, 1133.73, 1155.44, 1150.88, 
2025-28-3--00-22-48, 1126.64, 998.66, 1097.41, 1129.47, 1132.40, 1126.64, 
2025-28-3--00-22-48, 1187.93, 1036.52, 1133.62, 1164.55, 1176.82, 1187.93, 
2025-28-3--00-22-48, 843.17, 997.85, 1017.44, 971.72, 909.90, 843.17, 
2025-28-3--00-22-48, 865.12, 971.30, 956.51, 907.76, 874.08, 865.12, 
2025-28-3--00-22-48, 818.33, 940.71, 901.24, 854.11, 829.48, 818.33, 
2025-28-3--00-22-49, 318.60, 816.29, 668.19, 532.80, 420.78, 318.60, 
2025-28-3--00-22-49, 769.41, 806.91, 708.67, 674.77, 699.68, 769.41, 
2025-28-3--00-22-49, 1109.14, 867.36, 868.86, 935.39, 1027.25, 1109.14, 
2025-28-3--00-22-49, 1182.59, 930.40, 994.35, 1083.71, 1151.52, 1182.59, 
2025-28-3--00-22-49, 1110.49, 966.42, 1040.81, 1099.78, 1118.70, 1110.49, 
2025-28-3--00-22-49, 869.12, 946.96, 972.13, 961.38, 919.03, 869.12, 
2025-28-3--00-22-49, 811.62, 919.89, 907.93, 871.53, 833.10, 811.62, 
2025-28-3--00-22-49, 728.49, 881.61, 836.15, 785.70, 749.41, 728.49, 
2025-28-3--00-22-49, 768.23, 858.93, 808.98, 775.22, 764.46, 768.23, 
2025-28-3--00-22-49, 1165.37, 920.22, 951.54, 1009.31, 1085.19, 1165.37, 
2025-28-3--00-22-50, 466.40, 829.46, 757.48, 683.56, 590.15, 466.40, 
2025-28-3--00-22-50, 1059.77, 875.52, 878.40, 909.29, 965.85, 1059.77, 
2025-28-3--00-22-50, 830.63, 866.54, 859.29, 862.09, 857.67, 830.63, 
2025-28-3--00-22-50, 542.09, 801.65, 732.41, 670.09, 605.21, 542.09, 
2025-28-3--00-22-50, 1165.50, 874.42, 905.65, 967.34, 1053.44, 1165.50, 
2025-28-3--00-22-50, 1173.30, 934.20, 1012.71, 1090.92, 1149.33, 1173.30, 
2025-28-3--00-22-50, 764.88, 900.33, 913.58, 895.29, 841.77, 764.88, 
2025-28-3--00-22-50, 795.42, 879.35, 866.31, 835.37, 804.69, 795.42, 
2025-28-3--00-22-50, 1179.11, 939.30, 991.43, 1041.61, 1104.22, 1179.11, 
2025-28-3--00-22-50, 1075.62, 966.56, 1025.11, 1062.02, 1081.34, 1075.62, 
2025-28-3--00-22-51, 999.40, 973.13, 1014.82, 1024.45, 1015.79, 999.40, 
2025-28-3--00-22-51, 820.88, 942.68, 937.25, 902.31, 859.86, 820.88, 
2025-28-3--00-22-51, 732.71, 900.69, 855.43, 800.55, 758.14, 732.71, 
2025-28-3--00-22-51, 775.98, 875.74, 823.65, 785.80, 772.41, 775.98, 
2025-28-3--00-22-51, 1124.61, 925.52, 944.03, 989.09, 1054.17, 1124.61, 
2025-28-3--00-22-51, 1135.08, 967.43, 1020.45, 1076.68, 1118.90, 1135.08, 
2025-28-3--00-22-51, 1063.49, 986.64, 1037.67, 1068.77, 1074.57, 1063.49, 
2025-28-3--00-22-51, 1149.43, 1019.20, 1082.37, 1117.17, 1134.46, 1149.43, 
2025-28-3--00-22-51, 1146.53, 1044.66, 1108.03, 1134.78, 1144.11, 1146.53, 
2025-28-3--00-22-51, 813.47, 998.43, 990.21, 942.00, 879.60, 813.47, 
2025-28-3--00-22-52, 782.17, 955.17, 906.99, 846.10, 801.65, 782.17, 
2025-28-3--00-22-52, 763.59, 916.86, 849.63, 796.59, 771.20, 763.59, 
2025-28-3--00-22-52, 832.92, 900.07, 842.95, 818.39, 820.57, 832.92, 
2025-28-3--00-22-52, 823.18, 884.69, 835.04, 821.26, 822.66, 823.18, 
2025-28-3--00-22-52, 709.47, 849.65, 784.81, 754.19, 732.11, 709.47, 
2025-28-3--00-22-52, 1113.22, 902.36, 916.17, 969.60, 1036.99, 1113.22, 
2025-28-3--00-22-52, 1092.18, 940.32, 986.57, 1043.15, 1081.14, 1092.18, 
2025-28-3--00-22-52, 1120.69, 976.40, 1040.22, 1089.68, 1112.78, 1120.69, 
2025-28-3--00-22-52, 1074.46, 996.01, 1053.92, 1080.54, 1082.12, 1074.46, 
2025-28-3--00-22-52, 792.96, 955.40, 949.53, 907.99, 850.79, 792.96, 
2025-28-3--00-22-53, 1123.98, 989.12, 1019.31, 1037.58, 1069.34, 1123.98, 
2025-28-3--00-22-53, 1103.75, 1012.04, 1053.09, 1077.28, 1096.87, 1103.75, 
2025-28-3--00-22-53, 818.13, 973.26, 959.10, 921.79, 873.88, 818.13, 
2025-28-3--00-22-53, 809.91, 940.59, 899.43, 854.66, 822.71, 809.91, 
2025-28-3--00-22-53, 1098.77, 972.23, 979.17, 1001.13, 1043.56, 1098.77, 
2025-28-3--00-22-53, 1150.09, 1007.80, 1047.53, 1090.50, 1128.78, 1150.09, 
2025-28-3--00-22-53, 1023.86, 1011.01, 1038.06, 1050.51, 1044.84, 1023.86, 
2025-28-3--00-22-53, 817.13, 972.23, 949.69, 910.48, 862.67, 817.13, 
2025-28-3--00-22-53, 1139.86, 1005.76, 1025.76, 1048.11, 1084.42, 1139.86, 
2025-28-3--00-22-53, 1100.35, 1024.68, 1055.59, 1079.45, 1097.17, 1100.35, 
2025-28-3--00-22-54, 811.23, 981.99, 957.85, 918.52, 868.42, 811.23, 
2025-28-3--00-22-54, 646.96, 914.98, 833.49, 755.58, 691.25, 646.96, 
2025-28-3--00-22-54, 1124.62, 956.91, 949.94, 977.00, 1037.94, 1124.62, 
2025-28-3--00-22-54, 1031.14, 971.75, 982.42, 1009.49, 1032.50, 1031.14, 
2025-28-3--00-22-54, 1068.27, 991.06, 1016.76, 1044.75, 1061.11, 1068.27, 
2025-28-3--00-22-54, 1113.21, 1015.49, 1055.34, 1085.83, 1102.79, 1113.21, 
2025-28-3--00-22-54, 1099.50, 1032.29, 1073.00, 1094.03, 1100.16, 1099.50, 
2025-28-3--00-22-54, 395.73, 904.98, 802.09, 675.05, 536.61, 395.73, 
2025-28-3--00-22-54, 1137.65, 951.51, 936.32, 952.61, 1017.44, 1137.65, 
2025-28-3--00-22-54, 757.40, 912.69, 864.75, 835.49, 809.41, 757.40, 
2025-28-3--00-22-55, 785.17, 887.19, 832.92, 805.30, 790.02, 785.17, 
2025-28-3--00-22-55, 685.30, 846.81, 773.87, 733.30, 706.25, 685.30, 
2025-28-3--00-22-55, 805.99, 838.65, 786.72, 776.92, 786.05, 805.99, 
2025-28-3--00-22-55, 1071.36, 885.19, 900.58, 953.58, 1014.29, 1071.36, 
2025-28-3--00-22-55, 1085.90, 925.33, 974.70, 1032.97, 1071.58, 1085.90, 
2025-28-3--00-22-55, 1086.72, 957.61, 1019.51, 1065.22, 1083.69, 1086.72, 
2025-28-3--00-22-55, 1050.53, 976.19, 1031.92, 1056.41, 1057.16, 1050.53, 
2025-28-3--00-22-55, 1148.50, 1010.66, 1078.55, 1111.66, 1130.24, 1148.50, 
2025-28-3--00-22-55, 1070.78, 1022.68, 1075.44, 1087.13, 1082.67, 1070.78, 
2025-28-3--00-22-55, 236.77, 865.50, 739.97, 576.92, 405.95, 236.77, 
2025-28-3--00-22-56, 686.81, 829.76, 718.71, 642.85, 630.64, 686.81, 
2025-28-3--00-22-56, 813.80, 826.57, 756.74, 745.42, 777.17, 813.80, 
2025-28-3--00-22-56, 693.53, 799.96, 731.46, 714.29, 710.26, 693.53, 
2025-28-3--00-22-56, 800.64, 800.10, 759.13, 766.10, 782.56, 800.64, 
2025-28-3--00-22-56, 1097.70, 859.62, 894.56, 965.06, 1034.67, 1097.70, 
2025-28-3--00-22-56, 717.41, 831.18, 823.70, 816.47, 780.86, 717.41, 
2025-28-3--00-22-56, 209.27, 706.79, 577.93, 452.15, 323.59, 209.27, 
2025-28-3--00-22-56, 596.52, 684.74, 585.36, 538.77, 541.93, 596.52, 
2025-28-3--00-22-56, 1039.39, 755.67, 766.97, 839.14, 939.90, 1039.39, 
2025-28-3--00-22-56, 1030.40, 810.61, 872.34, 953.89, 1012.30, 1030.40, 
2025-28-3--00-22-57, 1057.97, 860.09, 946.60, 1016.34, 1048.84, 1057.97, 
2025-28-3--00-22-57, 1038.31, 895.73, 983.28, 1029.52, 1040.42, 1038.31, 
2025-28-3--00-22-57, 1086.13, 933.81, 1024.42, 1063.49, 1076.99, 1086.13, 
2025-28-3--00-22-57, 1042.86, 955.62, 1031.80, 1051.11, 1049.69, 1042.86, 
2025-28-3--00-22-57, 1039.18, 972.33, 1034.75, 1043.95, 1041.28, 1039.18, 
2025-28-3--00-22-57, 1024.38, 982.74, 1030.60, 1032.21, 1027.76, 1024.38, 
2025-28-3--00-22-57, 1032.95, 992.78, 1031.54, 1032.65, 1031.91, 1032.95, 
2025-28-3--00-22-57, 1020.52, 998.33, 1027.13, 1025.37, 1022.80, 1020.52, 
2025-28-3--00-22-57, 1065.76, 1011.82, 1042.58, 1049.60, 1057.16, 1065.76, 
2025-28-3--00-22-57, 1056.41, 1020.73, 1048.11, 1053.68, 1056.56, 1056.41, 
2025-28-3--00-22-58, 1035.95, 1023.78, 1043.25, 1043.04, 1040.07, 1035.95, 
2025-28-3--00-22-58, 983.28, 1015.68, 1019.26, 1007.19, 994.64, 983.28, 
2025-28-3--00-22-58, 801.34, 972.81, 932.09, 883.68, 840.00, 801.34, 
2025-28-3--00-22-58, 939.50, 966.15, 935.06, 917.17, 919.60, 939.50, 
2025-28-3--00-22-58, 1105.21, 993.96, 1003.12, 1030.00, 1068.09, 1105.21, 
2025-28-3--00-22-58, 702.59, 935.69, 882.91, 833.55, 775.69, 702.59, 
2025-28-3--00-22-58, 1079.10, 964.37, 961.38, 980.88, 1018.42, 1079.10, 
2025-28-3--00-22-58, 1078.17, 987.13, 1008.10, 1039.25, 1066.22, 1078.17, 
2025-28-3--00-22-58, 1106.44, 1010.99, 1047.44, 1079.57, 1098.40, 1106.44, 
2025-28-3--00-22-58, 1058.76, 1020.55, 1051.97, 1067.08, 1066.69, 1058.76, 
2025-28-3--00-22-59, 1091.82, 1034.80, 1067.91, 1081.93, 1086.79, 1091.82, 
2025-28-3--00-22-59, 1068.38, 1041.52, 1068.10, 1073.80, 1072.06, 1068.38, 
2025-28-3--00-22-59, 950.57, 1023.33, 1021.09, 999.86, 974.87, 950.57, 
2025-28-3--00-22-59, 1076.89, 1034.04, 1043.41, 1046.08, 1056.49, 1076.89, 
2025-28-3--00-22-59, 1085.54, 1044.34, 1060.26, 1069.76, 1079.73, 1085.54, 
2025-28-3--00-22-59, 1065.76, 1048.62, 1062.46, 1067.36, 1068.55, 1065.76, 
2025-28-3--00-22-59, 725.69, 984.04, 927.75, 862.35, 794.26, 725.69, 
2025-28-3--00-22-59, 957.30, 978.69, 939.57, 919.32, 924.70, 957.30, 
2025-28-3--00-22-59, 246.90, 832.33, 662.50, 515.87, 382.46, 246.90, 
2025-28-3--00-22-59, 226.25, 711.11, 488.00, 342.10, 257.49, 226.25, 
2025-28-3--00-23-00, 224.43, 613.78, 382.57, 271.49, 231.04, 224.43, 
2025-28-3--00-23-00, 223.18, 535.66, 318.81, 242.51, 224.75, 223.18, 
2025-28-3--00-23-00, 215.72, 471.67, 277.58, 226.43, 217.52, 215.72, 
2025-28-3--00-23-00, 220.02, 421.34, 254.55, 222.58, 219.52, 220.02, 
2025-28-3--00-23-00, 200.47, 377.16, 232.92, 209.31, 204.28, 200.47, 
2025-28-3--00-23-00, 201.34, 342.00, 220.29, 204.53, 201.93, 201.34, 
2025-28-3--00-23-00, 196.89, 312.98, 210.93, 199.94, 197.89, 196.89, 
2025-28-3--00-23-00, 144.01, 279.18, 184.16, 166.38, 154.78, 144.01, 
2025-28-3--00-23-00, 177.11, 258.77, 181.34, 172.82, 172.65, 177.11, 
2025-28-3--00-23-01, 177.50, 242.52, 179.80, 175.63, 176.53, 177.50, 
2025-28-3--00-23-01, 162.65, 226.54, 172.94, 167.84, 165.43, 162.65, 
2025-28-3--00-23-01, 144.86, 210.21, 161.71, 154.05, 148.97, 144.86, 
2025-28-3--00-23-01, 160.12, 200.19, 161.07, 157.69, 157.89, 160.12, 
2025-28-3--00-23-01, 162.07, 192.57, 161.47, 160.32, 161.23, 162.07, 
2025-28-3--00-23-01, 153.72, 184.80, 158.37, 156.36, 155.23, 153.72, 
2025-28-3--00-23-01, 144.45, 176.73, 152.80, 149.22, 146.61, 144.45, 
2025-28-3--00-23-01, 144.05, 170.19, 149.30, 146.11, 144.56, 144.05, 
2025-28-3--00-23-01, 110.93, 158.34, 133.95, 125.00, 117.66, 110.93, 
2025-28-3--00-23-01, 137.33, 154.14, 135.30, 132.40, 133.40, 137.33, 
2025-28-3--00-23-02, 144.35, 152.18, 138.92, 139.57, 142.16, 144.35, 
2025-28-3--00-23-02, 142.41, 150.23, 140.32, 141.27, 142.36, 142.41, 
2025-28-3--00-23-02, 141.12, 148.40, 140.64, 141.18, 141.36, 141.12, 
2025-28-3--00-23-02, 130.89, 144.90, 136.74, 135.01, 132.99, 130.89, 
2025-28-3--00-23-02, 111.37, 138.19, 126.59, 120.82, 115.69, 111.37, 
2025-28-3--00-23-02, 134.84, 137.52, 129.89, 129.23, 131.01, 134.84, 
2025-28-3--00-23-02, 124.86, 134.99, 127.88, 126.61, 126.09, 124.86, 
2025-28-3--00-23-02, 124.47, 132.89, 126.51, 125.33, 124.79, 124.47, 
2025-28-3--00-23-02, 101.06, 126.52, 116.33, 110.77, 105.81, 101.06, 
2025-28-3--00-23-02, 122.85, 125.79, 118.94, 118.02, 119.45, 122.85, 
2025-28-3--00-23-03, 117.40, 124.11, 118.33, 117.65, 117.81, 117.40, 
2025-28-3--00-23-03, 118.84, 123.06, 118.53, 118.36, 118.64, 118.84, 
2025-28-3--00-23-03, 117.27, 121.90, 118.03, 117.71, 117.55, 117.27, 
2025-28-3--00-23-03, 120.07, 121.53, 118.84, 119.12, 119.56, 120.07, 
2025-28-3--00-23-03, 118.85, 121.00, 118.84, 118.96, 118.99, 118.85, 
2025-28-3--00-23-03, 114.38, 119.67, 117.06, 116.21, 115.30, 114.38, 
2025-28-3--00-23-03, 113.39, 118.42, 115.59, 114.52, 113.77, 113.39, 
2025-28-3--00-23-03, 120.08, 118.75, 117.39, 117.86, 118.82, 120.08, 
2025-28-3--00-23-03, 110.42, 117.08, 114.60, 113.40, 112.10, 110.42, 
2025-28-3--00-23-04, 92.07, 112.08, 105.59, 100.60, 96.08, 92.07, 
2025-28-3--00-23-04, 124.35, 114.54, 113.10, 114.85, 118.70, 124.35, 
2025-28-3--00-23-04, 126.74, 116.98, 118.55, 121.98, 125.13, 126.74, 
2025-28-3--00-23-04, 113.18, 116.22, 116.40, 116.70, 115.57, 113.18, 
2025-28-3--00-23-04, 93.32, 111.64, 107.17, 102.67, 97.77, 93.32, 
2025-28-3--00-23-04, 775.13, 244.34, 374.35, 506.15, 639.66, 775.13, 
2025-28-3--00-23-04, 628.57, 321.18, 476.04, 579.60, 630.79, 628.57, 
2025-28-3--00-23-04, 694.20, 395.79, 563.31, 648.36, 681.52, 694.20, 
2025-28-3--00-23-04, 725.16, 461.66, 628.05, 694.44, 716.43, 725.16, 
2025-28-3--00-23-04, 802.44, 529.82, 697.80, 759.24, 785.24, 802.44, 
2025-28-3--00-23-05, 798.47, 583.55, 738.07, 782.78, 795.82, 798.47, 
2025-28-3--00-23-05, 712.76, 609.39, 727.94, 740.76, 729.37, 712.76, 
2025-28-3--00-23-05, 1051.52, 697.81, 857.37, 927.22, 987.09, 1051.52, 
2025-28-3--00-23-05, 1111.86, 780.62, 959.17, 1038.00, 1086.90, 1111.86, 
2025-28-3--00-23-05, 792.71, 783.04, 892.58, 890.82, 851.55, 792.71, 
2025-28-3--00-23-05, 765.46, 779.52, 841.73, 815.61, 782.68, 765.46, 
2025-28-3--00-23-05, 811.29, 785.88, 829.56, 813.02, 805.57, 811.29, 
2025-28-3--00-23-05, 732.71, 775.24, 790.82, 764.83, 747.28, 732.71, 
2025-28-3--00-23-05, 665.60, 753.31, 740.73, 705.29, 681.94, 665.60, 
2025-28-3--00-23-05, 1074.69, 817.59, 874.32, 926.93, 996.14, 1074.69, 
2025-28-3--00-23-06, 950.39, 844.15, 904.74, 941.00, 959.54, 950.39, 
2025-28-3--00-23-06, 1003.91, 876.10, 944.41, 978.75, 995.04, 1003.91, 
2025-28-3--00-23-06, 1071.58, 915.20, 995.28, 1034.45, 1056.27, 1071.58, 
2025-28-3--00-23-06, 1105.09, 953.18, 1039.20, 1076.83, 1095.33, 1105.09, 
2025-28-3--00-23-06, 979.24, 958.39, 1015.22, 1018.28, 1002.46, 979.24, 
2025-28-3--00-23-06, 648.01, 896.31, 868.33, 796.11, 718.90, 648.01, 
2025-28-3--00-23-06, 694.64, 855.98, 798.85, 735.23, 699.49, 694.64, 
2025-28-3--00-23-06, 1075.73, 899.93, 909.61, 939.53, 1000.48, 1075.73, 
2025-28-3--00-23-06, 1100.48, 940.04, 985.96, 1036.10, 1080.48, 1100.48, 
2025-28-3--00-23-06, 1111.86, 974.40, 1036.32, 1081.55, 1105.58, 1111.86, 
2025-28-3--00-23-07, 168.09, 813.14, 689.03, 533.48, 355.59, 168.09, 
2025-28-3--00-23-07, 206.12, 691.74, 495.86, 337.06, 236.01, 206.12, 
2025-28-3--00-23-07, 191.78, 591.74, 374.23, 249.89, 200.63, 191.78, 
2025-28-3--00-23-07, 205.85, 514.57, 306.88, 223.47, 204.81, 205.85, 
2025-28-3--00-23-07, 188.27, 449.31, 259.44, 202.35, 191.58, 188.27, 
2025-28-3--00-23-07, 186.69, 396.78, 230.34, 192.95, 187.67, 186.69, 
2025-28-3--00-23-07, 187.70, 354.97, 213.28, 189.80, 187.69, 187.70, 
2025-28-3--00-23-07, 190.11, 322.00, 204.02, 189.99, 189.63, 190.11, 
2025-28-3--00-23-07, 169.18, 291.43, 190.08, 177.50, 173.27, 169.18, 
2025-28-3--00-23-08, 178.94, 268.94, 185.63, 178.37, 177.81, 178.94, 
2025-28-3--00-23-08, 99.88, 235.12, 151.33, 131.27, 115.46, 99.88, 
2025-28-3--00-23-08, 140.99, 216.30, 147.19, 137.10, 135.89, 140.99, 
2025-28-3--00-23-08, 122.87, 197.61, 137.46, 128.56, 125.47, 122.87, 
2025-28-3--00-23-08, 159.31, 189.95, 146.20, 147.01, 152.54, 159.31, 
2025-28-3--00-23-08, 159.15, 183.79, 151.38, 154.29, 157.83, 159.15, 
2025-28-3--00-23-08, 165.95, 180.22, 157.21, 161.29, 164.32, 165.95, 
2025-28-3--00-23-08, 152.34, 174.65, 155.26, 155.92, 154.74, 152.34, 
2025-28-3--00-23-08, 166.89, 173.10, 159.91, 162.50, 164.46, 166.89, 
2025-28-3--00-23-08, 168.08, 172.09, 163.18, 165.85, 167.36, 168.08, 
2025-28-3--00-23-09, 169.97, 171.67, 165.90, 168.32, 169.45, 169.97, 
2025-28-3--00-23-09, 154.50, 168.23, 161.34, 160.03, 157.49, 154.50, 
2025-28-3--00-23-09, 164.04, 167.40, 162.42, 162.43, 162.73, 164.04, 
2025-28-3--00-23-09, 158.08, 165.53, 160.68, 159.82, 159.01, 158.08, 
2025-28-3--00-23-09, 140.77, 160.58, 152.72, 148.39, 144.42, 140.77, 
2025-28-3--00-23-09, 168.47, 162.16, 159.02, 160.44, 163.66, 168.47, 
2025-28-3--00-23-09, 152.04, 160.13, 156.23, 155.40, 154.36, 152.04, 
2025-28-3--00-23-09, 148.56, 157.82, 153.16, 151.29, 149.72, 148.56, 
2025-28-3--00-23-09, 141.25, 154.50, 148.39, 145.27, 142.94, 141.25, 
2025-28-3--00-23-09, 140.22, 151.65, 145.12, 142.24, 140.76, 140.22, 
2025-28-3--00-23-10, 148.52, 151.02, 146.48, 146.01, 146.97, 148.52, 
2025-28-3--00-23-10, 165.83, 153.98, 154.22, 157.90, 162.05, 165.83, 
2025-28-3--00-23-10, 164.79, 156.14, 158.45, 162.03, 164.24, 164.79, 
2025-28-3--00-23-10, 123.87, 149.69, 144.62, 139.14, 131.94, 123.87, 
2025-28-3--00-23-10, 148.43, 149.44, 146.14, 144.71, 145.14, 148.43, 
2025-28-3--00-23-10, 145.40, 148.63, 145.85, 145.13, 145.35, 145.40, 
2025-28-3--00-23-10, 139.57, 146.82, 143.34, 141.79, 140.73, 139.57, 
2025-28-3--00-23-10, 157.87, 149.03, 149.15, 151.44, 154.44, 157.87, 
2025-28-3--00-23-10, 182.26, 155.68, 162.39, 169.93, 176.70, 182.26, 
2025-28-3--00-23-11, 181.63, 160.87, 170.09, 176.95, 180.64, 181.63, 
2025-28-3--00-23-11, 179.80, 164.65, 173.97, 178.66, 179.97, 179.80, 
2025-28-3--00-23-11, 175.83, 166.89, 174.72, 176.96, 176.66, 175.83, 
2025-28-3--00-23-11, 137.52, 161.01, 159.84, 153.29, 145.35, 137.52, 
2025-28-3--00-23-11, 1143.77, 357.57, 553.41, 747.58, 944.09, 1143.77, 
2025-28-3--00-23-11, 1128.16, 511.68, 783.31, 975.93, 1091.34, 1128.16, 
2025-28-3--00-23-11, 1131.60, 635.67, 922.63, 1069.33, 1123.55, 1131.60, 
2025-28-3--00-23-11, 1038.21, 716.18, 968.86, 1050.66, 1055.28, 1038.21, 
2025-28-3--00-23-11, 1107.18, 794.38, 1024.19, 1084.57, 1096.80, 1107.18, 
2025-28-3--00-23-11, 672.95, 770.09, 883.69, 837.60, 757.72, 672.95, 
2025-28-3--00-23-12, 1064.96, 829.07, 956.20, 974.02, 1003.51, 1064.96, 
2025-28-3--00-23-12, 1042.10, 871.67, 990.56, 1014.87, 1034.38, 1042.10, 
2025-28-3--00-23-12, 594.00, 816.14, 831.94, 762.35, 682.08, 594.00, 
2025-28-3--00-23-12, 750.86, 803.08, 799.51, 755.46, 737.11, 750.86, 
2025-28-3--00-23-12, 1009.49, 844.36, 883.50, 907.88, 955.02, 1009.49, 
2025-28-3--00-23-12, 1145.73, 904.64, 988.39, 1050.59, 1107.59, 1145.73, 
2025-28-3--00-23-12, 1095.17, 942.74, 1031.10, 1077.34, 1097.65, 1095.17, 
